Coefficients: [9507.335937]
Intercept: 25548.014154926575
