Coefficients: [9477.35890278]
Intercept: 25679.700265209234
