Coefficients: [9507.335937]
Intercept: 25548.01415492654
