Coefficients: [9491.75749361]
Intercept: 25617.389803505015
